351
453
135
49
163
470
364
407
326
19
261
404
416
77
459
149
389
97
332
363
328
438
237
62
329
423
151
316
81
44
250
427
46
430
137
188
348
466
340
415
493
417
377
319
420
437
359
309
153
89
332
298
107
325
139
146
392
192
309
385
377
480
63
212
276
495
333
254
405
387
485
269
328
281
449
330
146
483
489
278
138
312
340
368
450
244
281
434
395
460
241
209
370
227
264
115
437
312
181
491
150
199
207
307
139
144
227
337
465
366
441
232
328
405
302
423
373
168
154
243
138
258
380
304
300
393
208
491
219
431
409
444
189
321
498
479
191
404
326
175
232
354
250
379
266
497
292
321
447
311
393
202
158
317
308
157
376
421
165
472
349
451
357
450
320
205
374
259
388
436
248
345
441
322
343
207
492
248
223
292
339
244
231
200
374
327
267
496
315
330
439
317
224
382
446
269
388
412
489
432
446
300
474
415
364
245
369
316
259
430
473
362
366
393
416
464
385
336
419
333
282
276
298
419
409
374
244
453
416
362
330
500
243
370
472
272
490
478
324
403
355
385
319
295
248
284
331
325
458
281
319
389
277
346
372
450
365
472
358
428
298
466
472
362
408
444
401
485
415
326
297
418
375
490
375
394
284
419
385
429
486
423
285
303
378
498
355
357
341
438
364
428
479
435
336
433
310
398
476
316
403
418
386
438
333
395
389
416
421
384
313
487
319
392
331
430
461
444
421
324
407
375
495
407
399
328
450
335
424
480
366
357
457
416
373
477
453
499
424
348
418
410
345
458
398
495
410
430
457
422
432
453
369
429
423
419
472
463
363
462
418
470
397
466
463
421
498
375
396
404
439
459
376
496
412
378
491
493
499
479
433
404
485
429
475
481
444
394
395
405
489
500
477
438
439
487
500
412
458
493
470
463
424
453
427
497
494
428
455
420
428
449
466
427
419
445
495
470
457
422
495
428
484
466
476
459
475
460
484
485
499
469
486
473
480
495
491
462
449
489
449
485
461
498
490
472
489
483
487
470
479
454
469
471
491
459
485
478
473
483
483
492
490
465
480
487
469
480
500
480
473
500
479
487
489
479
491
499
489
486
485
493
484
494
485
492
497
496
492
495
496
495
495
494
498
500
498
500
499
500
